Velocity Channel

5776.469533939462
5765.915682582565
5755.3625602261145
5744.810166794489
5734.2585022121375
5723.707566403703
5713.157359293499
5702.607880806172
5692.059130866169
5681.511109398067
5670.96381632638
5660.417251575686
5649.8714150705
5639.3263067354665
5628.781926495099
5618.238274274107
5607.69534999694
5597.15315358831
5586.6116849728605
5576.0709440751725
5565.530930819892
5554.991645131664
5544.453086935268
5533.915256155216
5523.378152716355
5512.841776543262
5502.306127560719
5491.771205693435
5481.237010866124
5470.703543003499
5460.170802030405
5449.638787871488
5439.107500451592
5428.576939695431
5418.047105527917
5407.517997873762
5396.9896166577455
5386.461961804778
5375.935033239707
5365.408830887244
5354.8833546724345
5344.358604519924
5333.834580354757
5323.31128210178
5312.7887096858385
5302.266863031911
5291.745742064843
5281.225346709547
5270.705676891068
5260.186732534317
5249.668513564208
5239.151019905718
5228.634251483826
5218.118208223578
5207.602890049886
5197.088296887861
5186.574428662416
5176.0612852986615
5165.548866721577
5155.037172856275
5144.526203627733
5134.015958961129
5123.50643878151
5112.9976430139195
5102.48957158347
5091.98222441534
5081.475601434575
5070.969702566353
5060.464527735785
5049.960076868117
5039.456349888394
5028.953346721927
5018.451067293761
5007.949511529143
4997.448679353315
4986.948570691391
4976.4491854687485
4965.950523610565
4955.45258504202
4944.955369688424
4934.458877475022
4923.963108327193
4913.468062170048
4902.973738929033
4892.480138529458
4881.987260896501
4871.495105955607
4861.003673632088
4850.512963851323
4840.022976538688
4829.53371161943
4819.0451690190575
4808.557348662885
4798.070250476354
4787.583874384912
4777.098220313869
4766.613288188803
4756.1290779350265
4745.645589478049
4735.162822743316
4724.680777656338
4714.1994541426275
4703.718852127562
4693.238971536718
4682.759812295609
4672.281374329745
4661.803657564703
4651.326661925995
4640.850387339132
4630.374833729758
4619.900001023386
4609.425889145658
4598.952498022153
4588.479827578449
4578.0078777401895
4567.536648433019
4557.0661395825155
4546.59635111439
4536.1272829542195
4525.658935027783
4515.191307260657
4504.724399578618
4494.258211907313
4483.792744172451
4473.327996299744
4462.863968214968
4452.400659843835
4441.938071112056
4431.476201945474
4421.0150522698
4410.554622010814
4400.09491109429
4389.635919446074
4379.17764699201
4368.720093657807
4358.263259369379
4347.807144052566
4337.351747633215
4326.89707003717
4316.443111190273
4305.9898710185025
4295.537349447636
4285.085546403651
4274.634461812457
4264.184095599965
4253.734447692086
4243.285518014797
4232.837306494075
4222.38981305583
4211.943037626041
4201.496980130683
4191.051640495802
4180.607018647373
4170.163114511373
4159.719928013915


Flux Density

-0.00046017306707436345
0.001336636114227941
-0.0009720458117338178
0.0012696916638857924
-0.0004677110885856933
-0.0016502718933735403
0.0017868095208541728
0.00044383655311714196
0.0004939605260065544
-0.0001008053675587678
-0.00010887404717884486
-0.001426390225645207
-0.0009703111751795165
0.00018015127289197126
0.0002390267857752065
-0.0008685044389326667
0.0022935682384690164
0.0004817409247466589
0.00026611597850163034
0.0010540534131568168
-0.0011983400258845436
0.00012805699875198664
0.00167260362438191
-0.00032172031585410183
-0.0003876505313502428
-0.000285882161522217
0.0010233955504504418
-0.00030641474469947247
0.003320462765061989
0.0024381599261077145
0.001339499981749187
0.0017283058889243637
0.002129256005283736
0.0012080311563812992
0.0024399165305308583
0.0012968125965729504
0.000976678453671276
0.0019143390844828646
0.0032023249294734777
0.002852746210292969
0.0028035357088323836
0.0030459116406024154
0.002071396970444383
0.004940268009010067
0.0053846497365624335
0.005125270880579183
0.011229457224572362
0.012687207047100498
0.01475583689115497
0.02208747470953518
0.0324810992854629
0.03671441858529573
0.034684308625740505
0.032489191712039796
0.026315789048151093
0.024617712803193973
0.02300158392850772
0.021423950185792445
0.019140508000369056
0.018643023436285093
0.019112540943757084
0.01852700338576145
0.017648879392392954
0.016113275442686117
0.017931777688199566
0.013398195368891983
0.014431755338806876
0.014988741680523278
0.01428884249139833
0.013796877741119363
0.015515214755552635
0.015370249098465938
0.012212124346188347
0.01247149288861815
0.011964905169719464
0.011848804260936794
0.010880229578751198
0.011845819106027007
0.012897156341747942
0.013889072658095466
0.01322395572170047
0.013891062761368658
0.011244532339375212
0.014278555340647855
0.013867349839282625
0.014270967865647745
0.014984669064538008
0.014896678777031299
0.015857248491573238
0.0158548953512187
0.017095648834299922
0.015965935193053712
0.017726440614653755
0.018711252955386778
0.020408159230840835
0.02097978916828385
0.022278262246961816
0.025949184302397645
0.026230947282240777
0.03007331854984742
0.03305999491503847
0.039583850474897875
0.042531437647439385
0.04249948048326972
0.03193074167081815
0.020319508875913498
0.012353523989035105
0.008544359888275944
0.006031121005951126
0.006017966274800164
0.0036077952700377326
0.005355994147122317
0.002770046775704725
0.003936845892436736
0.0020352749871216285
0.002368441748701449
0.0005536731126714561
0.002533075971025354
0.0010254547545317297
0.0023124808202385373
0.0012521043737342497
0.002041721370568329
0.000493470271243437
0.00026084167883644836
-0.0007872513255121049
0.0009488958033949393
-0.0005736157090237587
0.002434566684086675
0.0012985352694052528
0.000791369166429241
8.584983196216889e-05
0.0008432413897635053
-0.00038436385970542445
0.0006789745362133932
0.0011401559078405318
0.0007269956786904356
0.00021610339198944878
0.00010408623782977202
0.0007111479240310817
-0.00029803013515342097
0.0012347684248802176
0.0009847098240117575
0.0006975342397517146
-0.0008858259488118725
0.0012559700998373666
0.00041089199512431523
0.0004017613289057697
-0.001164982590563338
0.0020602261544345433
0.0013883651854403566
0.0006160649542508974
0.000830878997356132
-0.0010848479304463685
-0.0009390354274861136
-0.0013897244086491763
